
0765427238,1174251463,1583075688,1894243158,1991899913
0202450707,0650961935,0759163310,1612575952,1720777327
0131952702,0540776927,0949601152
0892420794,1301245019,1710069244,2118893469
1305297323,1516648236,1727999149,1939350062,2144266321
0457187252,0504426765,0905698480,1466040782,1867312497
1625579495,1851739351,2034403720
0198821008,0762793009,1160435025,1211304237,2122049042
0624200235,1468672106
0079398211,0329426014,0483596569,0738250239,1147074464
1315122620,1344547776,1723946845,1753372001,2132771070
0097637076,0113713837,0308987989,0325064750,0536415663
0093275812,0315548413,0502100037,0724372638,0906298395
1133196863,1526473533,1542021088,1935297758,1950845313
0304626725,0713450950,1117649308
0104197500,0513021725,0921845950,1330670175
0107153413,0301670812,0515977638,0924801863
0727328551,1136152776,1540351134
0090319899,0318504326,0499144124
0907968349
1316792574,1347503689,1725616799,1751702047,2134441024
0121031014,0529855239,0938679464
1256006821,1408289442,1664831046,1817113667,2073655271
0463021011
1640388438
0508056464,0902068781,1221396887,1469670481,1863682798
0438358371,0847182596
0323847444,1168319315
0145252100,0263572125,0672396350,1081220575,1485418933
0259980356,0668804581,1077628806,1486453031,1895277256
1474616780,1685967693,1897318606,1974946864,2108669519
0977807948,1189158861,1400509774,1611860687,1823211600
0010997581,0222348494,0343755209,0433699407
2094906282
1143306449,1354657362,1566008275,1777359188,1988710101
0493315056,0704665969,0916016882,1127367795,1338718708
0910688494,1122039407,1333390320,1544741233,1756092146
1557573426,1748588341,1912326216,1959939254,2123677129
1174151251,1385502164,1596853077,1808203990,2132010516
0660057930,0871408843,1082759756,1294110669,1505461582
0870164470,1081515383,1292866296,1504217209,1715568122
1379242732,1590593645,1801944558,1926919035,2013295471
0312808945,0667561735,0878912648,1090263561
1301614474,1512965387,1724316300,1935667213,2147018126
0111137254
0682154554,1036907344,1248258257,1459609170
0214844689,0426195602,0637546515,0848897428,1060248341
1160388014,1371738927,1583089840,1794440753,2145773753
0367096206,0578447119,0789798032,1001148945,1355901735
0103633449,0107717464,0314984362,0462470254,0673821167
0148241488,0359592401,0570943314,0782294227,1137047017
1348397930,1559748843,1771099756,1982450669
0901009272,1255762062,1467112975,1678463888,1889814801
1196938529,1605762754
1467357734
1058533509
0499086471,0907910696,1316734921,1725559146,2134383371
0649709284
0084976781,1483488759,1967006666
0221068318
2063090264
0270650523,0674848881,1083673106
0031329939,0813141932,0948409751,1657613803,1792881622
0839965353,1684437224,1766058201
0004506518
0848978389,1693450260
0786318511,1630790382
0278062924,0566408947,1122534795,1410880818,2039614607
0555106122,0766457035
0058153360,0304886345,0902625231,1149358216,1993830087
0454489396,0944022582,1788494453
1397962034
0363589649,0480882222
0436197590,0962314388
0027373365,0871845236
1371138613,2079356812
0454058801
0045234576
0889706447,1734178318
1298530672
0090262246,0318561979,0727386204,1131584562,1540408787
0073177211,0335647014,0744471239,1153295464,1562119689
0505158844,0913983069,1322807294,1731631519,2135829877
0000322837,0408501388,0409147062,0817325613,0817971287
1144015657,1520280606,1552839882,1924478964,1961664107
0993794927
0598408174
1045911993,1580481014
0976832948
1437362759
1442297586
1378571470,1833823623
0404464591,0478978708,0633358221,0845789210
0025855404
0848324317
0024416435,0261562959,0650444747,0849877650
0810839163,1667411736,1758201524
0497024879
0005988238,1415366744
1230946673,2013639854
1075812849
0206876915,0578596906,0790256779
0644586351,0767436404,1836033708
0135343256
0437654865
1448780524
2049919728
0563898256
0000694518,0085471053,0088200654,0162268876,0173056877,0421317428,0427175824,0606683095,0655819703,0795191606,1000477683,1029384921,1060805239,1091129419,1165781588,1256411297,1258696653,1258701875,1278529948,1371888714,1562167181,1660022295,1720767953,1822654702,1848472340,1884936627,2102145936
0952557065,1361381290,1711739198,1770205515,2120563423
1064363992
0815560271,0956108881,1096657491,1121100462,1261649072
0840003242,0980551852,1237206101,1377754711
0949532045,1127677298,1268225908
0846580078,0987128688,1090080655,1230629265,1371177875
0148952446,0259871779,0668696004,1077520229
0808983435,0877599885,1199609458,1340158068,1408774518
0197796149,0211028076,0606620374,0619852301,1028676526
1500388285,1909212510,2124958305
0489661405,0898485630,1307309855,1716134080
0701012318,1109836543,1518660768,1927484993,1958658078
0116636132,0292188093,0525460357,0934284582,1343108807
0912363231,1321187456,1730011681
1311741482
1041253119
1398115606,2141772371
1059337844,1546469840,1573665961
0074464995,0364671064,1122303549,1239482271,1905111528
1441693361
0051627946,0350674765,0611031279,1199886454,1342443659,1657431482,2142915824
1755080908
0043822322,1679233405,1990844392
0879058291
1648025582
0273288643
1065893527
0378856087,0644842193
0448789073
0539795068
1037556500
1851566302
1007489583
0928136024
0315593331,1221817991,1625296860,1637746481
2021755164
0894434145
2020829073
0504266784
0386661711
0586411450,0756459280,1168699210
1363399180
0017161587,1031926908,1275516595
0830906649,1044011915
1306489024,1526784839
0554168501,1690627321,1952039540
0044857448,0844294487,1456034089
0337477490,0629886390,1108259872
1101772146
0118634699
0538545127,1415032626
1828622765
0432712943
0476882647
0295170255
1987100395
0751094428,0949809041,1024386024
0292649794
0443309674
0520675217
0864717563
0725439473
0950864746
1324573749
0164685931,1337664536,2051316041
1022865437
0689452527,1112289188
1744484177
0379891213
0395158032,0537489422,0854358773,1207477263,1225406283,1301521885,1525594008,1831331636,1869921673
0192176556,0288905797,0556582474,0852838186,1061185727,1847990136,1877441978
0404531621,0514545885,1444511267,1556613815
0089156058,1234137998,2060424890
0114811013
1072272926
1019121440
1026959769,1223885696
0123387023,0171221035,0956209019,1517835762,1778295091
1436726222
0430751726
0070720998,0619607289,1408497522,1847477876
1955998352
0342492007,0359656547,0957352472,1096380495,1866177676
1235785652
1759310366
0363718174
1752289801
0134908615,0273915610,0543732840,0682739835,1091564060
0344260757,1797849049,1858770937
0880256536,1554834461,1718747037,1926723269
0345554317
0320271394
1507345272
1010679484,1120208287,1227541612
1595314559,2135753722
1643114076
1213933079
1002531314,1770370648,2044296763
0627244553
0616584410
0878452086
1218592211
0694568696
1257267859
2041576575
0137700125
0888990189
0929975010
0319153668
0150015098,0164687623,1972293501
0562168256,0811793314,1423099392
0282989993
0246582178
1151945251
1181170149
1023465433,1822014246
1130210436
0887492431,1028041041,1049168302,1189716912,1330265522
0239850566,0804824260,1188183861,1405903348,1467784237
0604397739,1495848399,1669980714
0855421864
1851007447
1109941847
1364693869
0040748650,0088446289,0199297839,0394561066,0995124754,1430374354,2083854130
0826205666,0829511889,1001189590,1009111497,2043660296
0869814865,1022548969,1037197686,1627332266,1970991406,2037670731
0176146477,0335385546,0990705327,1393579080,1526024242,1977056242
0046813486,0681175185,1407342317,1419705678,2065756920
0385543021,0388827217,0629583963,1636350311,1866129421
0727551530,0855828122,1074991800,1203609573,1468093197,1984869007
0437323878,0649005778,0825846773,1011071088,1206144680,1756550893,1819587129,1922655470
0674724026,0984336753,1242533696,1249753879,1632570831,1785767091,2070285489
0166797445,0430900149,0439609234,0600693530,0867529509,1058138963,1176260629,1253652684,1390820467,1476112402,1691362120,1852560780
0584530573,0653111023,0794676206,0852521899,1022989098,1039847157,1254282448,1355561460,2038750807,2061952102
0014343681,0048919075,0049845166,0114655308,0123413822,0190420575,0453433070,0568482430,0881363937,1008524709,1047808802,1135691387,1142226491,1466690324,1477260256,1490642188,1538684795
2027337378
0046127968,0084168340,0517410681,0565691323,0639233180,1029400541,1679471440,1749984155
0715566144,0866467544,0928374059,0937773959,1498447812,1957539518
0379011792,0541315655,0617080922,0758555623,1210424169,1453242982,1672698301,2052586561
0151175093,1355034406,2041989830
1194919315
0693413886,0791331411,0827427392,1227602894,1502191809,1880253664
0485858523,0703448826,1907976324,2015220060,2133616412
0226913561,0464982691,0505219674,0740815327,0883837414,1230420800,1507774023,1638996422
0672538054,0770455579,1068684634,1698197551
0263962432,0967976002,1134494556,1189310302,1370016520,1654263241,1773962818
0526333541,1556054665,2139198626
1022838638,1474469149
0286114690,0825562376
1142538215,1467934045
1011315816,1089872190
0090750334,0753885535,1558290107,1773009928,2106131787
0642024287,0955858684,1680186295
0848059063
0139030976,1101989508,1783289029
0035219513,0244283431
0086364951,1956613427
0328178078,1078084534
1212098040
0043263172,0047648555,0111864201,0166441912,0219107937,0478052899,1062387565,1265643266,1277192887,1326114915,1335514815,1548011006
1131629760
0346586339,1005421878,1201501309,1600677031,2031081375,2118322794
1830061116
1886788768
0460960665,1416573089,1514556351
0336133940
0785432639,1749766844
0605543010
0120544019,1663051143,1939078216
0460820004
0634818268
1405964639
1935536810
1266081400
0410454780,0715556549
0811127943,1301255616,2052585594
1616389339
1554640066
1585854268
1134306357
0206123433,0536292317
0277077275,0552761699,0948639870
1615077218
0591423587,1258036709
0677021562,1197599557
0129357560,0725157501,0987303706,1283197532,1369348609
0308581818,0682934280,1472784059
1805544864,2059616038
0212525688
1112060117
0919578994
0128239834,0143397095,0788152827,1195033850,1505238087,1848685249
0590992585
1146156581
0687397591
2063157444
1717629311
0517715750
0590952611,0946444392,1031807998
1439969343
1972958872
0038056448,0358987016,1245128720,1575930594,1584542147,2029908352
0491355075,0724995487,0790664800,0817530198,1814318431
0558538557,1353363963
0003966211,0012308776,0021082343,0066005825,0168073182,0209624865,0360064768,0540641121,0574643877,0640030502,0724510751,0725588503,0729742912,0794658561,0797695244,0874950654,0879609786,0972753281,0990392175,0992822022,1067647585,1073560303,1126610542,1134165696,1143119898,1163583041,1185949955,1222830694,1327650038,1338328802,1414738206,1419397338,1477443191,1493287176,1522502533,1555467451,1622650933,1626334366,1664996254,1686084794,1693586214,1738038720,1750413594,1752642879,1840590813,2118166614,2138790405
0080750645,0093678621,0144514821,0164565523,0268123073,0281555772,0286214904,0297378404,0312575579,0373537441,0388835363,0422285017,0463249851,0512914591,0521922527,0531813820,0578637638,0636562817,0725447842,0737278079,0795323932,0809874357,0896725918,0900193603,0928176727,0973922793,1001453562,1067122875,1077538878,1092890534,1175393291,1260304542,1284315258,1384383770,1579276179,1653670740,1765711516,1811281748,1873375096,1878156328,1891589027,1950752606,1997770819,2025107193,2066625129,2074198844,2074967694
0065574823,0539329000,1123910341,1888047621
0368587968,1978871590
0206748830,1484473635,1506033151,2093059525
1543024211,1850604206
0505272510,0764304125
0510685306,1721623072
0160028491,0171380219,0252925898,0329225596,0381826272,0564436089,0654634661,0753695675,0899386205,0987355492,1331804447,1563123292,1593065347,1687256254
1172356608
0259349506,0538075414,0960994817,1011396641,1033120119,1164208438,1345668148,1397816469,1472299323,1564765728,1595745561,1647409146,1863430069,1944310377,2072596382
0866137113
0962597279
0258231780,0883293219,0950422967,1536621956,1639767065,2064235196
0157516518,0920656746,1056404197,1516805563
0034986018,0067317946,0070859352,0089524212,0092871223,0112539302,0121068729,0125378985,0139929410,0144083819,0289251587,0309268542,0369018970,0369543680,0370661406,0392867672,0420972896,0426763514,0483497246,0600883878,0604910020,0610807552,0634171518,0649685188,0665191325,0671244704,0691656061,0728989248,0747834743,0749088329,0775993701,0815787075,0824560642,0826343739,0879138810,1088110728,1098142682,1110982365,1128569473,1189943716,1277226279,1290174242,1299613180,1351620840,1361512133,1379603964,1379724638,1383071649,1406630010,1425975427,1431678564,1453594489,1585228871,1609864984,1675568104,1678913689,1681465636,1694070950,1717144575,1743505250,1748811132,1793870474,1827320128,1867584478,1871125884,1924211296,2021565787,2073243132,2087146807,2137007308
1311787492,1999319547
0314534510,0360104742,0543624070,0573890213,0702070116,0744973894,1247828921,1348273829,1401305507,1655751711,1719824789,1756110564,1971700485,2141666440
0002417483,0018045660,0028602324,0074348390,0111770452,0137013401,0247228928,0256978194,0266358597,0275818888,0299142880,0367275847,0428197735,0458448692,0470258942,0540587387,0671050309,0695093406,0695862256,0718539498,0724330116,0731972197,0732025931,0785884994,0821253605,0848550005,0867935396,0910158617,0914744028,0917620063,0940491700,0956335685,0958603518,0959372368,1007372447,1026031140,1027866023,1035962407,1099314142,1228659338,1239176028,1295983481,1360394407,1389042902,1413135744,1420831559,1432325314,1451729266,1484183294,1484614296,1515041087,1515203101,1515634103,1524447644,1533585273,1581828126,1605832675,1638454944,1703240900,1724606021,1737567744,1740953303,1778518818,1787957756,1857653211,1910253887,1974908552,1995205112,2046808736,2077828543,2080704578,2145780875
0075660511,0083787328,0113024038,0218438406,0255355745,0331596908,0350806465,0414642936,0451992703,0468515819,0555313646,0631270695,0684052006,0796926394,0818054908,0822802333,0838033315,0839828224,0886600256,0907728770,0911114329,0944646109,0966892349,1097549666,1191202103,1196345971,1198757257,1207530824,1238745026,1304562653,1317200288,1338148167,1365484541,1381469187,1389689652,1389811752,1407276760,1471235331,1569506986,1593712097,1621533207,1646743775,1718276061,1725252771,1790329068,1816547716,1831151875,1881501913,1898604285,1940680678,1945428103,2020448061,2128233741,2147403324
0061541088,0203834247,0284107719,0378317247,0417032869,0479719233,0652992225,0776424703,0806326784,0817099196,0837993341,0943043647,0982696360,0983814086,1050707227,1166579750,1182965058,1295318110,1316446624,1317995352,1326337917,1420709459,1512004404,1567588029,1629317315,1711820072,1801249794,1896821188,1908058409,1932500127
0166336913,1840101745
1541455252
0183635101
0774404406,0800389652,0849583871,1971969843
0598868706,1900604587,1993351249
0203807718,1304455104,1509952843,2058073700
0016927811,0114865016,0128062541,1026315724,1088689986,1351485745,1546623768,1785420923
0009424006,0132847862,0141181249,0168908710,0197512702,0227722518,0238872129,0375043577,0442719237,0459881034,0470474439,0552649723,0574031129,0629042938,0794015856,0888127074,0932513466,1004161489,1017924726,1025182896,1165131421,1195645236,1330104339,1404042940,1435881360,1468629000,1814191770,1907777405,1915801832,2045635068,2054984100,2081937461
1855665561
0310899359,0567988320,0756307196,0828842412,0997673329,1039862338,1266220861,1316893736,1393118548,1582703824,1592361816,1635371874,1782000336,1846722787,1880353190,1885596977,1886726986,1901809867
0052593076,0079633060,0142196894,0548045883,0601843942,0604355309,0760195818,0808533404,0977611567,1013757767,1069268171,1362719097,1471913196,1497845198,1569210454,1613990468,1803072782,1810086525,1906338436,2070322697
1688944714
1691588963
0354986776,0648985375,1376287738
1062704740
1638656070
0615721543,1024545768,1367653924,1396018513,1433122747,1603030492,1626548425,1931004038
0524894521,0651311537,0776363997,1210983833,1435139949,1436459593,1440873798,1917126437
0217376359,0342737779,0802406854,1183228631,2090265134
0188358266,1050862001
1016600121
0453507238,0761356387,1063203335,1244839455,1583088055,1810907574
0795785812,0871680495,1664972303,2010340477
0068730695,0583304890,1681109922,2083869311
1615279489
0509811640,1229853872,1259048043
0431569626,0456596838,0578890685,0827955219,1610459026
1119420424,1815820374
0174171705,0766900601,1405367545,1621803233,1834443167,2088283516
0026276843,0041284453,0058891601,0064625450,0066086446,0158833108,0159473055,0205016507,0234096314,0249991117,0295398178,0396424983,0433895788,0474888644,0556988657,0678757779,0843850022,0968977753,1055390570,1079747212,1158871989,1176033786,1179123386,1283594320,1345420909,1420129520,1478092396,1567696214,1570340463,1650574080,1663127076,1692012287,1772867927,1883827021,1970455603,2071951301,2104120708
0047658249,0217243477,1014066727
0381417373,0813525842,1400622353,1659481270
0062665859,0387482209,1587638651
1493294602,1973430839,2000855054
0172710709,0432125832
0037179208,0125013070,0163692664,0367539772,0468514848,0639062540,0646451981,0663419182,0748608795,0749933400,0765770592,0815706222,0859356227,0866436708,1043686364,1063910020,1212829060,1224861434,1469759009,1638099864,1641189464,1791485759,1964488065,2028111661,2043066090
1487035170
2122103554
1506977607
0006448770
1894230791
1952049433
2020797491
1824785175
0055276418
0526664477,1606239417
1675565708
2128477350
0029697430
0210541513,0537257882,0843925293
0047463653,0211275939,0592653922,1045370968,1105542823,1342776660,1455082386,1586508642,1611664306,1840543587
0174149678
1464214795
0231562920,1454504153
0367425408
0420207822
0428841636
0944952098
0736245434,1650538496,1840508003
0161733073,0406904024,1085714750,1610534297
0991798128
0186954881,0846213052
1476463792
0701578154
1186203867,1338275142
0955024881
0622669142
2011779446
1192692027
0582973903
1624222263
2084200298
1047697130
1767813775
0250066388
0247091152
1969016634
0551135483
1722742725,1997787481
1630287099
1335272855
1289447494
0657685333
1101128618
2085519942
2091779374
1281634729
0627603969
1520740844
0338133939
0203365876
1911273263
0053723085
1182897644
0822102045,1877762185
1249218076,1649249475
1863575624
1615393853
1420375155
0746958164,1231482476,1461125195,1956578002
0012513606,1246490086
0586589086
2113469740
0378575019
0686239557
0566452053
2078016137
1052631957,1144994388,1697962759
0531193046
0134966268,0273857957,0543790493,0952614718,1361438943
1234082102,1430214161,1642906327,1834412519,2051730552
0566307041,0975131266,1383955491,1792779716,2093363355
1022731189,1431555414,1641565074,1840379639,2045763432
0189863885,0218960340,0627784565,1036608790,1445433015
0175986284,0584810509,0989008867,1397833092,1806657317
1562281305
0198009236,0418278892,1225977190,1234360890,1622038976,1842179912,1999228140
1938394998
0716418694
0835111681,1147265795
1388868934
1358360546
1649461806
1158581922
0523685342
0504736323
0554721412
0286522648
1040844860,1152723160,1423695128
0856472624,0997021234,1080188109,1220736719,1361285329
1260190419,1399479977,1669014644,1808304202,2077838869
0664270359
1730498311
0480365688
1743421975
0967287003
0058812395,1888086749,1997535700
0489714720
1753649673
0744901707
0084722370
1943653900
0394619869
1355979156
0714943234
0731910435,1163555035
1982219130
0300487488,0513374668,0530632305,0716815518,0899612207,1582858301,1726278702
0919920351
1284764448,1379320153,1744375912,1981203485
0497960800
0521689531
0095898105,0101906194,0175765151,1530049763,2101088293,2130168100
0068885178,0295331008,0895997024,1812501020
0567405552,0726975608,1049577515,1110632133,1150882714,1494790756,1528805390,1723634453,1731503965,2115160490,2144045701
1262367397
1664817826
0115818515
2120385753
0696895108
0066625160,0114189911,0260814276,0275707522,0474300852,0515510331,0552088982,0652636152,0710962344,0740738845,0942431766,1158695479,1930050539,2113315263
0354946657,0754307486,1953767234
1722473884
0732926080
0585719385
2128653860
1308105445,1556176361
1081437962
1914768689
1909034840
0710529029
1502489157
0700734646
0726861244
0686491338
1343695439
0680757489
1693703037
1741983006
1954190558
1510513584
0853788807
0777127861
0326367207,0735191432
0976778151,1385602376,1682892245,1794426601,2091716470
0503561197,1348033068,1548422250
0519036445,0927860670,1336684895,1745509120,2140633951
0920406981,1324605339,1733429564,1743889282,2142253789
0038343611,0370480614,0447167836,0779304839,0851366194
0663740779,0875091692,1086442605,1297793518,1509144431
1501640626,1712991539,1924342452,1947923018,2135693365
0966001427,0970659306,1106550037,1111207916,1251756526
0901903513,1310727738,1719551963,1757766883,2128376188
0122469983,0286354242,0531294208,0940118433,1348942658
0742645121,1151469346,1560293571,1917025275,1969117796
0075003329,0333820896,0479201687
1186482179,1473188217,1595306404,1882012442,2004130629
0162108683,0246715542,0655539767
0888025912,1296850137,1705674362,1771644484,2114498587
0849113216,0989661826,1087547517,1228096127,1368644737
0682682182,1091506407,1500330632,1909154857,1976988214
0115016294,0523840519,0932664744,1341488969,1750313194
1208292044,1451378352,1617116269,1860202577,2025940494
0136347584,0267850774,0545171809,0953996034,1362820259
0676674999,1085499224,1494323449
0949022949
0081275925,0238052181,0723561836,1648177426,1685175853
0082457018,0491281243,0900105468
0086902016,0321922209,0347698497,0730746434
1173325942,1486344454,1582150167,1895168679,1990974392
0048520866,0360303359,0457345091,0764501717
0866169316,1274993541
1683817766,2092641991
0162830047,0571654272,0975852630
0585531873,0994356098,1398554456,1807378681,2078764390
2064886789
1008233699,1417057924,1821256282
0627063201,1035887426,1444711651
1853535876,2032607195
0006888063,0401936162
0415712288,0824536513
1233360738,1642184963,2051009188
1430935525,1839759750
0204361375,0204462850,0613185600,0613287075,1022111300
1022009825,1430834050
1839658275,2051110663
1642286438
0401834687,0810658912
1997039228
1179390778,1588215003
0770566553
0864730347,1273554572,1677752930
0244555209,0653379434,1062203659,1466402017,1875226242
0375619929,0784444154,1193268379,1602092604,2010916829
0033204296,0442028521,0850852746,1255051104,1663875329
1813443517,2072699554
0178146617,0230677608,0586970842,0995795067,1404619292
0019326695,0389497530,0798321755,1207145980,1615970205
0216800007,0620998365,1029822590,1438646815,1847471040
0403375131,0812199356,1221023581,1629847806,2038672031
0005449094,0409647452,0818471677,1227295902,1636120127
1023550269,1432374494,1841198719,2044944352
0013054374,0395769851,0417252732,0804594076,0826076957
0858665511,1267489736,1676313961,1801004885,2085138186
0170333852,0579158077,0983356435,1392180660
0238490373,0647314598,1056138823,1464963048,1873787273
0381684765,0790508990,1194707348,1603531573,2012355798
0027139460,0435963685,0844787910,1253612135,1662436360
0593035678,1001859903,1406058261,1814882486,2071260585
0184211453,0224612772,0633436997,1042261222,1451085447
1213210816,1617409174,1859909672,2026233399
0013261859,0395562366,0422086084,0804386591,0830910309
1239734534,1424561729,1648558759,1828760087,2057382984
1028383621,1437207846,1635912642,1846032071,2040111000
0000615742,0408208483,0409439967,0818264192,1227088417
0817032708,1225856933,1634681158,1847263555,2043505383
0196857570,0211966655,0620790880,1029615105,1438439330
0832141793,1240966018,1649790243
0182979969,0225844256,0591804194,0634668481,1000628419
1398245496,1409452644,1670249125,1807069721,2079073350
0171772821,0237051404,0580597046,0989421271
0645875629,1054699854,1458898212,1867722437,2018420634
0025700491,0383123734,0791947959,1200772184,1609596409
0434524716,0843348941,1247547299,1656371524,2065195749
0011822890,0420647115,0824845473,1233669698,1642493923
0608352248,1017176473,1426000698,1834824923,2051318148
0819703161,1228527386,1637351611,1839967235,2046175836
0002054711,0402143647,0410878936,0810967872,1219792097
1031054074,1439878299,1628616322,1848702524,2037440547
1417265409,1826089634,2060053437
0388266046,0797090271,1205914496,1614738721,2023562946
0636107450,1044931675,1453755900,1862580125
0176915133,0231909092,0585739358,0994563583,1403387808
1256282588,1665106813,1812212033,2073931038
0177837657,0230986568,0586661882,0639810793,0847458363
1048635018,1457459243
0798012795,1202211153,1611035378,1866283468,2019859603
0019635655,0389188570,0428459880,0837284105,1246108330
1009363708,1413562066,1654932555,1822386291,2063756780
0110571296,0519395521,0928219746,1337043971,1745868196
0062507044,0346317181,0755141406,1163965631,1572789856
1617100214,1860218632,2025924439
0110212220,0298612005,0707436230,1116260455,1525084680
0076384645,0485208870,0894033095
0101138693,0307685532,0509962918,0918787143,1327611368
1160373862,1503922401,1569198087,1908120759,1978022312
0468825291,0492788726,0941299954,1430439308,1902913971
0266056156,0629095861,1132455822,1473567732,1976927693
0117358222,0307781750,1127406259,1362122703,1552546231
0443315631,0801448850,1688080112,2046213331
1765637301,2120505770
0148843869,0557668094,0966492319,1375316544,1784140769
0323995599,0535346512,0746697425,1101450215
1437500751,1846324976,2039818095
0918512238,1018148495,1059060848,1158697105,1299245715
0131374499,0277449726,0540198724,0686273951,1095098176
1292571488,1371724775,1696769846,1780549000,2105594071
0128893895,0279930330,0537718120,0688754555,0946542345
0376308878,0868455603,1621073359
1188129064,1471541332,1596953289,1880365557,2005777514
0102758531,0306065694,0511582756,0714889919,1123714144
1167173065,1492497331,1575997290,1901321556,1984821515
1915199157,1970943914
1308929693,1355366570,1713128051,1764190795,2121952276
0690552600,1099376825,1508201050
0332439580,0741263805,1150088030,1554286388,1963110613
0052221212,0356603013,0461045437,0869869662,1274068020
0682933710,1644547727,1688805552
0287735558,0696559783,1105384008,1514208233,1923032458
0066098813,0342725412,0474923038,0751549637,0883747263
0756522722,1165346947,1574171172,1903147674,1982995397
0245994178,0654818403,1063642628,1472466853
1187203543,1596027768,1881291078,2004851993
0034643265,0374180960,0443467490,0783005185
0640940802,1049765027,1458589252,1867413477,2018729594
0020765664,0388058561,0429589889,0838414114
1443581642,1624912979,1852405867,2033737204
0005758054,0403066171,0414582279,0811890396,1220714621
0205592859,0614417084,1023241309,1432065534,1836263892
0203231366,0612055591,1020879816,1429704041,1838528266
0416943772,0825767997,1234592222,1643416447,2047614805
0008119547,0400704678,0809528903,1218353128,1627177353
0628294685,1037118910,1445943135,1854767360,2036001578
1007002215,1415826440,1824650665,2066118273
0233348061,0642172286,1050996511,1459820736,1868644961
0175476164,0584300389,0993124614,1401948839,1806147197
0035874749,0372949476,0781773701,1190597926,1451394407
0509603842,0913802200,1322626425,1731450650,2140274875
0677544799,1540213154
0100779617,0308044608,0716868833
0275050608,0686563409,1135074637,1236664625,2096688654
1125693058,1533977338,1534517283,1942801563,1943341508
1736435593
